This is a test - put something more meaningful here
    1  : Daily records
    1  : First day of record
    1  : First month of record
 2010  : First year of record

  Tmin (C)   Tmax (C)
=======================
31.20	31.20
30.36	30.36
30.44	30.44
30.65	30.65
29.79	29.79
29.75	29.75
29.95	29.95
30.80	30.80
30.54	30.54
30.58	30.58
30.16	30.16
31.24	31.24
31.31	31.31
31.40	31.40
30.76	30.76
30.69	30.69
31.03	31.03
30.59	30.59
30.55	30.55
31.63	31.63
30.43	30.43
30.75	30.75
31.20	31.20
31.92	31.92
31.49	31.49
31.70	31.70
30.69	30.69
31.57	31.57
31.36	31.36
33.57	33.57
32.78	32.78
31.91	31.91
31.57	31.57
32.91	32.91
32.00	32.00
32.58	32.58
33.42	33.42
31.77	31.77
31.81	31.81
31.54	31.54
32.02	32.02
31.02	31.02
31.70	31.70
32.48	32.48
28.44	28.44
32.89	32.89
32.91	32.91
32.10	32.10
32.27	32.27
33.24	33.24
32.39	32.39
31.84	31.84
31.90	31.90
31.42	31.42
32.46	32.46
32.74	32.74
30.98	30.98
32.92	32.92
33.06	33.06
32.63	32.63
33.34	33.34
31.97	31.97
32.81	32.81
31.44	31.44
32.12	32.12
33.24	33.24
32.11	32.11
31.49	31.49
29.32	29.32
32.56	32.56
32.13	32.13
31.48	31.48
31.76	31.76
31.10	31.10
30.56	30.56
32.85	32.85
33.33	33.33
32.05	32.05
31.01	31.01
31.63	31.63
32.27	32.27
33.03	33.03
33.51	33.51
32.82	32.82
33.42	33.42
32.68	32.68
32.91	32.91
32.78	32.78
31.47	31.47
33.25	33.25
33.43	33.43
33.35	33.35
32.68	32.68
32.71	32.71
33.51	33.51
30.96	30.96
33.32	33.32
33.27	33.27
33.31	33.31
29.76	29.76
32.14	32.14
31.66	31.66
33.19	33.19
32.87	32.87
32.85	32.85
31.93	31.93
31.68	31.68
34.05	34.05
33.12	33.12
31.50	31.50
31.38	31.38
32.46	32.46
31.49	31.49
32.04	32.04
31.67	31.67
31.15	31.15
29.58	29.58
31.55	31.55
31.25	31.25
32.07	32.07
32.24	32.24
29.66	29.66
31.57	31.57
31.78	31.78
32.14	32.14
31.75	31.75
29.88	29.88
30.33	30.33
32.32	32.32
32.08	32.08
32.62	32.62
32.13	32.13
31.01	31.01
32.11	32.11
31.72	31.72
31.39	31.39
30.04	30.04
30.28	30.28
31.37	31.37
29.82	29.82
29.71	29.71
31.75	31.75
30.61	30.61
31.41	31.41
31.78	31.78
27.37	27.37
31.56	31.56
29.93	29.93
29.02	29.02
28.49	28.49
28.78	28.78
28.66	28.66
30.05	30.05
29.39	29.39
26.25	26.25
29.92	29.92
31.59	31.59
28.70	28.70
29.16	29.16
28.86	28.86
29.36	29.36
29.81	29.81
30.81	30.81
29.20	29.20
29.93	29.93
29.45	29.45
28.27	28.27
28.53	28.53
30.60	30.60
29.57	29.57
28.75	28.75
28.51	28.51
29.55	29.55
29.36	29.36
27.95	27.95
27.36	27.36
27.95	27.95
28.92	28.92
28.31	28.31
28.30	28.30
30.15	30.15
26.39	26.39
27.10	27.10
28.68	28.68
29.27	29.27
28.58	28.58
27.71	27.71
28.11	28.11
29.74	29.74
28.97	28.97
26.82	26.82
28.47	28.47
28.77	28.77
28.03	28.03
28.83	28.83
27.79	27.79
25.31	25.31
27.85	27.85
29.28	29.28
29.13	29.13
29.77	29.77
27.81	27.81
28.41	28.41
27.65	27.65
27.45	27.45
28.57	28.57
27.51	27.51
28.75	28.75
28.53	28.53
27.89	27.89
26.90	26.90
27.46	27.46
28.64	28.64
29.61	29.61
28.47	28.47
28.92	28.92
28.46	28.46
29.09	29.09
28.36	28.36
28.06	28.06
28.13	28.13
28.95	28.95
26.73	26.73
27.60	27.60
27.86	27.86
28.27	28.27
28.97	28.97
28.80	28.80
25.32	25.32
28.65	28.65
29.71	29.71
27.07	27.07
26.68	26.68
25.85	25.85
27.09	27.09
26.06	26.06
28.34	28.34
27.80	27.80
28.41	28.41
28.80	28.80
27.62	27.62
28.74	28.74
27.69	27.69
27.38	27.38
29.71	29.71
27.90	27.90
28.63	28.63
27.97	27.97
28.18	28.18
28.75	28.75
26.17	26.17
29.61	29.61
28.48	28.48
28.69	28.69
28.40	28.40
29.41	29.41
29.16	29.16
29.03	29.03
29.27	29.27
29.82	29.82
26.28	26.28
28.66	28.66
26.38	26.38
29.20	29.20
29.94	29.94
26.69	26.69
25.14	25.14
28.56	28.56
29.56	29.56
28.36	28.36
29.11	29.11
31.42	31.42
30.53	30.53
29.10	29.10
30.73	30.73
28.32	28.32
29.82	29.82
29.37	29.37
30.48	30.48
29.50	29.50
28.98	28.98
30.67	30.67
30.32	30.32
28.03	28.03
28.32	28.32
30.52	30.52
30.36	30.36
28.70	28.70
31.32	31.32
32.23	32.23
30.77	30.77
30.17	30.17
26.52	26.52
30.00	30.00
31.41	31.41
30.23	30.23
29.74	29.74
29.15	29.15
28.74	28.74
31.04	31.04
30.16	30.16
30.17	30.17
29.17	29.17
31.28	31.28
29.72	29.72
29.55	29.55
30.60	30.60
30.41	30.41
30.47	30.47
29.43	29.43
30.63	30.63
28.55	28.55
31.39	31.39
30.79	30.79
30.37	30.37
31.54	31.54
30.50	30.50
30.80	30.80
30.85	30.85
31.80	31.80
31.38	31.38
30.84	30.84
31.35	31.35
31.64	31.64
27.21	27.21
30.17	30.17
30.76	30.76
31.49	31.49
31.43	31.43
31.13	31.13
30.85	30.85
31.39	31.39
31.67	31.67
31.26	31.26
31.81	31.81
32.01	32.01
31.87	31.87
31.47	31.47
30.67	30.67
29.84	29.84
30.09	30.09
31.24	31.24
31.28	31.28
31.05	31.05
29.58	29.58
29.78	29.78
31.41	31.41
31.94	31.94
31.45	31.45
31.06	31.06
30.47	30.47
31.19	31.19
31.89	31.89
31.35	31.35
31.23	31.23
31.06	31.06
30.97	30.97
31.37	31.37
31.53	31.53
31.67	31.67
30.50	30.50
30.46	30.46
30.68	30.68
31.48	31.48
30.25	30.25
30.70	30.70
31.19	31.19
31.81	31.81
31.49	31.49
30.64	30.64
30.35	30.35
30.76	30.76
30.29	30.29
31.32	31.32
31.65	31.65
31.29	31.29
30.76	30.76
31.84	31.84
30.58	30.58
32.08	32.08
31.41	31.41
30.83	30.83
32.40	32.40
31.46	31.46
31.35	31.35
31.72	31.72
31.93	31.93
31.54	31.54
30.99	30.99
31.52	31.52
30.14	30.14
30.26	30.26
31.48	31.48
31.46	31.46
31.87	31.87
31.34	31.34
30.82	30.82
31.52	31.52
29.45	29.45
30.87	30.87
31.98	31.98
32.36	32.36
32.70	32.70
33.01	33.01
32.99	32.99
28.82	28.82
31.43	31.43
31.98	31.98
30.52	30.52
32.46	32.46
29.91	29.91
30.98	30.98
31.90	31.90
31.69	31.69
30.44	30.44
32.25	32.25
31.13	31.13
30.59	30.59
28.82	28.82
31.41	31.41
31.51	31.51
29.27	29.27
30.98	30.98
31.05	31.05
31.16	31.16
31.06	31.06
31.56	31.56
31.70	31.70
31.83	31.83
32.09	32.09
31.68	31.68
31.53	31.53
31.42	31.42
32.47	32.47
32.35	32.35
32.04	32.04
32.05	32.05
31.29	31.29
31.62	31.62
31.62	31.62
31.78	31.78
31.74	31.74
31.33	31.33
32.07	32.07
32.11	32.11
32.08	32.08
32.36	32.36
31.98	31.98
30.43	30.43
30.90	30.90
31.35	31.35
31.39	31.39
32.27	32.27
32.19	32.19
32.20	32.20
32.33	32.33
32.68	32.68
31.10	31.10
29.11	29.11
31.20	31.20
33.09	33.09
30.66	30.66
31.28	31.28
32.39	32.39
30.09	30.09
31.24	31.24
31.29	31.29
31.32	31.32
31.52	31.52
31.09	31.09
32.01	32.01
31.75	31.75
30.85	30.85
31.53	31.53
31.83	31.83
31.95	31.95
31.37	31.37
30.99	30.99
29.04	29.04
31.80	31.80
31.21	31.21
31.11	31.11
30.77	30.77
28.92	28.92
27.45	27.45
30.79	30.79
31.46	31.46
30.28	30.28
29.93	29.93
30.75	30.75
31.24	31.24
31.45	31.45
30.58	30.58
25.09	25.09
28.21	28.21
29.71	29.71
30.75	30.75
31.69	31.69
29.96	29.96
30.64	30.64
30.99	30.99
31.63	31.63
30.00	30.00
28.48	28.48
30.93	30.93
30.26	30.26
28.69	28.69
29.65	29.65
30.89	30.89
30.77	30.77
30.10	30.10
29.68	29.68
28.65	28.65
29.67	29.67
29.99	29.99
28.05	28.05
30.76	30.76
29.68	29.68
29.61	29.61
30.75	30.75
27.04	27.04
30.81	30.81
29.79	29.79
28.60	28.60
28.50	28.50
29.84	29.84
29.20	29.20
26.57	26.57
30.38	30.38
29.16	29.16
29.48	29.48
28.38	28.38
28.31	28.31
30.19	30.19
27.69	27.69
29.79	29.79
28.47	28.47
28.10	28.10
27.82	27.82
27.14	27.14
28.89	28.89
29.46	29.46
27.54	27.54
28.44	28.44
28.52	28.52
28.36	28.36
28.39	28.39
29.55	29.55
27.34	27.34
27.11	27.11
28.56	28.56
27.58	27.58
28.35	28.35
27.73	27.73
27.96	27.96
26.80	26.80
28.61	28.61
28.53	28.53
28.95	28.95
27.71	27.71
28.35	28.35
28.93	28.93
29.18	29.18
28.87	28.87
28.57	28.57
29.00	29.00
26.31	26.31
26.74	26.74
29.09	29.09
27.51	27.51
26.53	26.53
27.43	27.43
26.63	26.63
26.48	26.48
25.50	25.50
27.72	27.72
27.53	27.53
